strength50v
   1      1.755      0.723E-08      0.407E-09
   2      2.010      0.676E-08      0.313E-09
   3      2.265      0.623E-08      0.194E-09
   4      2.521      0.591E-08      0.182E-09
   5      2.776      0.484E-08      0.144E-09
   6      3.032      0.305E-08      0.114E-09
   7      3.287      0.362E-08      0.118E-09
   8      3.542      0.479E-08      0.138E-09
   9      3.798      0.429E-08      0.133E-09
  10      4.053      0.402E-08      0.138E-09
  11      4.309      0.428E-08      0.143E-09
  12      4.564      0.431E-08      0.126E-09
  13      4.819      0.459E-08      0.146E-09
  14      5.075      0.479E-08      0.172E-09
  15      5.330      0.494E-08      0.175E-09
  16      5.586      0.500E-08      0.173E-09
  17      5.841      0.579E-08      0.220E-09
  18      6.096      0.603E-08      0.262E-09
  19      6.352      0.582E-08      0.251E-09
  20      6.607      0.677E-08      0.344E-09
  21      6.863      0.799E-08      0.401E-09
  22      7.118      0.737E-08      0.401E-09
  23      7.373      0.919E-08      0.487E-09
  24      7.629      0.886E-08      0.522E-09
  25      7.884      0.947E-08      0.542E-09
  26      8.140      0.115E-07      0.558E-09
  27      8.395      0.921E-08      0.567E-09
  28      8.650      0.130E-07      0.101E-08
  29      8.906      0.136E-07      0.233E-08
  30      9.161      0.913E-08      0.508E-08