
 Energy levels

    N    J prty N_Jp    T     E(MeV)  Ex(MeV)  log-file

    1     0 +     1     0   -135.927    0.000  log_Si28_usda_m0p.txt 
    2     2 +     1     0   -133.987    1.940  log_Si28_usda_m0p.txt 
    3     4 +     1     0   -131.379    4.549  log_Si28_usda_m0p.txt 
    4     0 +     2     0   -131.106    4.821  log_Si28_usda_m0p.txt 
    5     3 +     1     0   -129.468    6.460  log_Si28_usda_m0p.txt 
    6     4 +     2     0   -128.859    7.069  log_Si28_usda_m0p.txt 
    7     0 +     3     0   -128.450    7.478  log_Si28_usda_m0p.txt 
    8     2 +     2     0   -128.403    7.524  log_Si28_usda_m0p.txt 
    9     3 +     2     0   -127.888    8.039  log_Si28_usda_m0p.txt 
   10     2 +     3     0   -127.855    8.072  log_Si28_usda_m0p.txt 
   11     6 +     1     0   -127.532    8.395  log_Si28_usda_m0p.txt 
   12     1 +     1     0   -127.497    8.430  log_Si28_usda_m0p.txt 
   13     2 +     4     0   -127.437    8.491  log_Si28_usda_m0p.txt 
   14     3 +     3     0   -127.237    8.690  log_Si28_usda_m0p.txt 
   15     2 +     5     0   -127.068    8.860  log_Si28_usda_m0p.txt 
   16     1 +     2     0   -126.879    9.048  log_Si28_usda_m0p.txt 
   17     5 +     1     0   -126.626    9.302  log_Si28_usda_m0p.txt 
   18     4 +     3     0   -126.559    9.369  log_Si28_usda_m0p.txt 
   19     3 +     4     1   -126.408    9.520  log_Si28_usda_m0p.txt 
   20     2 +     6     1   -126.363    9.564  log_Si28_usda_m0p.txt 
   21     0 +     4     0   -126.278    9.650  log_Si28_usda_m0p.txt 
   22     2 +     7     0   -126.141    9.786  log_Si28_usda_m0p.txt 
   23     4 +     4     0   -125.863   10.064  log_Si28_usda_m0p.txt 
   24     5 +     2     0   -125.503   10.425  log_Si28_usda_m0p.txt 
   25     3 +     5     1   -125.407   10.521  log_Si28_usda_m0p.txt 
   26     0 +     5     1   -125.392   10.535  log_Si28_usda_m0p.txt 
   27     3 +     6     0   -125.285   10.642  log_Si28_usda_m0p.txt 
   28     2 +     8     0   -125.234   10.693  log_Si28_usda_m0p.txt 
   29     4 +     5     0   -125.200   10.727  log_Si28_usda_m0p.txt 
   30     1 +     3     1   -125.140   10.788  log_Si28_usda_m0p.txt 
   31     0 +     6     0   -125.070   10.857  log_Si28_usda_m0p.txt 
   32     1 +     4     0   -125.003   10.924  log_Si28_usda_m0p.txt 
   33     3 +     7     0   -124.986   10.941  log_Si28_usda_m0p.txt 
   34     6 +     2     0   -124.898   11.030  log_Si28_usda_m0p.txt 
   35     4 +     6     0   -124.857   11.071  log_Si28_usda_m0p.txt 
   36     2 +     9     1   -124.841   11.086  log_Si28_usda_m0p.txt 
   37     1 +     5     1   -124.766   11.161  log_Si28_usda_m0p.txt 
   38     3 +     8     0   -124.536   11.391  log_Si28_usda_m0p.txt 
   39     4 +     7     0   -124.447   11.481  log_Si28_usda_m0p.txt 
   40     2 +    10     0   -124.416   11.511  log_Si28_usda_m0p.txt 


B(E2)  ( > -0.0 W.u.)  mass = 28    1 W.u. = 5.1 e^2 fm^4
                                           e^2 fm^4 (W.u.) 
   J_i    Ex_i     J_f    Ex_f   dE        B(E2)->         B(E2)<- 
   2+( 1)  1.940    0+( 1)  0.000  1.940    101.9( 20.2)    509.3(100.8)
   4+( 1)  4.548    2+( 1)  1.940  2.608    142.5( 28.2)    256.6( 50.8)
   0+( 2)  4.821    2+( 1)  1.940  2.881     85.5( 16.9)     17.1(  3.4)
   3+( 1)  6.459    2+( 1)  1.940  4.519      0.0(  0.0)      0.0(  0.0)
   3+( 1)  6.459    4+( 1)  4.548  1.911     12.5(  2.5)      9.7(  1.9)
   4+( 2)  7.068    2+( 1)  1.940  5.128     11.9(  2.4)     21.4(  4.2)
   4+( 2)  7.068    4+( 1)  4.548  2.520     10.6(  2.1)     10.6(  2.1)
   4+( 2)  7.068    3+( 1)  6.459  0.609    107.4( 21.3)    138.1( 27.4)
   0+( 3)  7.477    2+( 1)  1.940  5.537      2.2(  0.4)      0.4(  0.1)
   2+( 2)  7.524    0+( 1)  0.000  7.524      1.1(  0.2)      5.7(  1.1)
   2+( 2)  7.524    2+( 1)  1.940  5.584     17.5(  3.5)     17.5(  3.5)
   2+( 2)  7.524    4+( 1)  4.548  2.975      2.1(  0.4)      1.1(  0.2)
   2+( 2)  7.524    0+( 2)  4.821  2.702     27.4(  5.4)    137.1( 27.1)
   2+( 2)  7.524    3+( 1)  6.459  1.064     14.2(  2.8)     10.2(  2.0)
   2+( 2)  7.524    4+( 2)  7.068  0.455     16.9(  3.4)      9.4(  1.9)
   2+( 2)  7.524    0+( 3)  7.477  0.046     25.9(  5.1)    129.6( 25.6)
   3+( 2)  8.039    2+( 1)  1.940  6.099      0.0(  0.0)      0.0(  0.0)
   3+( 2)  8.039    4+( 1)  4.548  3.491      0.3(  0.1)      0.2(  0.0)
   3+( 2)  8.039    3+( 1)  6.459  1.580     98.6( 19.5)     98.6( 19.5)
   3+( 2)  8.039    4+( 2)  7.068  0.971     16.2(  3.2)     12.6(  2.5)
   3+( 2)  8.039    2+( 2)  7.524  0.516      0.4(  0.1)      0.6(  0.1)
   2+( 3)  8.072    0+( 1)  0.000  8.072      0.7(  0.1)      3.4(  0.7)
   2+( 3)  8.072    2+( 1)  1.940  6.132      1.3(  0.3)      1.3(  0.3)
   2+( 3)  8.072    4+( 1)  4.548  3.523      3.2(  0.6)      1.8(  0.4)
   2+( 3)  8.072    0+( 2)  4.821  3.251      2.0(  0.4)      9.8(  1.9)
   2+( 3)  8.072    3+( 1)  6.459  1.613     30.4(  6.0)     21.7(  4.3)
   2+( 3)  8.072    4+( 2)  7.068  1.004      2.9(  0.6)      1.6(  0.3)
   2+( 3)  8.072    0+( 3)  7.477  0.595     39.9(  7.9)    199.3( 39.5)
   2+( 3)  8.072    2+( 2)  7.524  0.548      1.2(  0.2)      1.2(  0.2)
   2+( 3)  8.072    3+( 2)  8.039  0.033      0.8(  0.2)      0.6(  0.1)
   6+( 1)  8.395    4+( 1)  4.548  3.847    120.5( 23.8)    174.0( 34.4)
   6+( 1)  8.395    4+( 2)  7.068  1.327      8.5(  1.7)     12.2(  2.4)
   1+( 1)  8.430    2+( 1)  1.940  6.490      0.1(  0.0)      0.1(  0.0)
   1+( 1)  8.430    3+( 1)  6.459  1.971     21.6(  4.3)      9.3(  1.8)
   1+( 1)  8.430    2+( 2)  7.524  0.907     19.8(  3.9)     11.9(  2.3)
   1+( 1)  8.430    3+( 2)  8.039  0.391     88.8( 17.6)     38.0(  7.5)
   1+( 1)  8.430    2+( 3)  8.072  0.358    114.4( 22.6)     68.6( 13.6)
   2+( 4)  8.490    0+( 1)  0.000  8.491      1.5(  0.3)      7.3(  1.4)
   2+( 4)  8.490    2+( 1)  1.940  6.550      0.0(  0.0)      0.0(  0.0)
   2+( 4)  8.490    4+( 1)  4.548  3.942      3.3(  0.6)      1.8(  0.4)
   2+( 4)  8.490    0+( 2)  4.821  3.669      0.9(  0.2)      4.7(  0.9)
   2+( 4)  8.490    3+( 1)  6.459  2.031      1.8(  0.4)      1.3(  0.3)
   2+( 4)  8.490    4+( 2)  7.068  1.422      0.0(  0.0)      0.0(  0.0)
   2+( 4)  8.490    0+( 3)  7.477  1.013      1.0(  0.2)      4.8(  0.9)
   2+( 4)  8.490    2+( 2)  7.524  0.967      6.5(  1.3)      6.5(  1.3)
   2+( 4)  8.490    3+( 2)  8.039  0.451      0.7(  0.1)      0.5(  0.1)
   2+( 4)  8.490    2+( 3)  8.072  0.418     10.0(  2.0)     10.0(  2.0)
   2+( 4)  8.490    1+( 1)  8.430  0.060     14.6(  2.9)     24.3(  4.8)
   3+( 3)  8.690    2+( 1)  1.940  6.750      0.8(  0.1)      1.1(  0.2)
   3+( 3)  8.690    4+( 1)  4.548  4.142      2.1(  0.4)      1.6(  0.3)
   3+( 3)  8.690    3+( 1)  6.459  2.231      1.8(  0.4)      1.8(  0.4)
   3+( 3)  8.690    4+( 2)  7.068  1.622      1.3(  0.3)      1.0(  0.2)
   3+( 3)  8.690    2+( 2)  7.524  1.167      2.5(  0.5)      3.5(  0.7)
   3+( 3)  8.690    3+( 2)  8.039  0.651      0.6(  0.1)      0.6(  0.1)
   3+( 3)  8.690    2+( 3)  8.072  0.618      4.9(  1.0)      6.9(  1.4)
   3+( 3)  8.690    1+( 1)  8.430  0.260      1.3(  0.3)      3.0(  0.6)
   3+( 3)  8.690    2+( 4)  8.490  0.200     62.0( 12.3)     86.8( 17.2)
   2+( 5)  8.859    0+( 1)  0.000  8.860      0.0(  0.0)      0.1(  0.0)
   2+( 5)  8.859    2+( 1)  1.940  6.919      0.6(  0.1)      0.6(  0.1)
   2+( 5)  8.859    4+( 1)  4.548  4.311      2.7(  0.5)      1.5(  0.3)
   2+( 5)  8.859    0+( 2)  4.821  4.038     25.4(  5.0)    126.8( 25.1)
   2+( 5)  8.859    3+( 1)  6.459  2.400      5.6(  1.1)      4.0(  0.8)
   2+( 5)  8.859    4+( 2)  7.068  1.791      3.2(  0.6)      1.8(  0.4)
   2+( 5)  8.859    0+( 3)  7.477  1.382     40.6(  8.0)    203.1( 40.2)
   2+( 5)  8.859    2+( 2)  7.524  1.336     16.5(  3.3)     16.5(  3.3)
   2+( 5)  8.859    3+( 2)  8.039  0.820      0.1(  0.0)      0.1(  0.0)
   2+( 5)  8.859    2+( 3)  8.072  0.787     22.9(  4.5)     22.9(  4.5)
   2+( 5)  8.859    1+( 1)  8.430  0.429     12.2(  2.4)     20.3(  4.0)
   2+( 5)  8.859    2+( 4)  8.490  0.369     11.4(  2.3)     11.4(  2.3)
   2+( 5)  8.859    3+( 3)  8.690  0.169      5.3(  1.0)      3.8(  0.7)
   1+( 2)  9.048    2+( 1)  1.940  7.108      0.3(  0.1)      0.2(  0.0)
   1+( 2)  9.048    3+( 1)  6.459  2.589      0.7(  0.1)      0.3(  0.1)
   1+( 2)  9.048    2+( 2)  7.524  1.524      0.8(  0.2)      0.5(  0.1)
   1+( 2)  9.048    3+( 2)  8.039  1.009      0.4(  0.1)      0.2(  0.0)
   1+( 2)  9.048    2+( 3)  8.072  0.976      1.4(  0.3)      0.8(  0.2)
   1+( 2)  9.048    1+( 1)  8.430  0.618      0.4(  0.1)      0.4(  0.1)
   1+( 2)  9.048    2+( 4)  8.490  0.558      1.8(  0.4)      1.1(  0.2)
   1+( 2)  9.048    3+( 3)  8.690  0.358     34.5(  6.8)     14.8(  2.9)
   1+( 2)  9.048    2+( 5)  8.859  0.189      0.3(  0.1)      0.2(  0.0)
   5+( 1)  9.301    4+( 1)  4.548  4.753      7.2(  1.4)      8.8(  1.7)
   5+( 1)  9.301    3+( 1)  6.459  2.842      0.0(  0.0)      0.0(  0.0)
   5+( 1)  9.301    4+( 2)  7.068  2.233    107.5( 21.3)    131.4( 26.0)
   5+( 1)  9.301    3+( 2)  8.039  1.262     30.8(  6.1)     48.4(  9.6)
   5+( 1)  9.301    6+( 1)  8.395  0.906      0.7(  0.1)      0.6(  0.1)
   5+( 1)  9.301    3+( 3)  8.690  0.611      1.2(  0.2)      1.9(  0.4)
   4+( 3)  9.368    2+( 1)  1.940  7.428      0.6(  0.1)      1.0(  0.2)
   4+( 3)  9.368    4+( 1)  4.548  4.820      2.0(  0.4)      2.0(  0.4)
   4+( 3)  9.368    3+( 1)  6.459  2.909      1.3(  0.3)      1.7(  0.3)
   4+( 3)  9.368    4+( 2)  7.068  2.300     15.9(  3.1)     15.9(  3.1)
   4+( 3)  9.368    2+( 2)  7.524  1.845      1.4(  0.3)      2.6(  0.5)
   4+( 3)  9.368    3+( 2)  8.039  1.329     59.0( 11.7)     75.8( 15.0)
   4+( 3)  9.368    2+( 3)  8.072  1.296     77.0( 15.3)    138.6( 27.5)
   4+( 3)  9.368    6+( 1)  8.395  0.973      1.5(  0.3)      1.0(  0.2)
   4+( 3)  9.368    2+( 4)  8.490  0.878      7.2(  1.4)     13.0(  2.6)
   4+( 3)  9.368    3+( 3)  8.690  0.678      2.1(  0.4)      2.7(  0.5)
   4+( 3)  9.368    2+( 5)  8.859  0.509      0.4(  0.1)      0.8(  0.2)
   4+( 3)  9.368    5+( 1)  9.301  0.067      3.3(  0.7)      2.7(  0.5)
   3+( 4)  9.519    2+( 1)  1.940  7.579      0.0(  0.0)      0.0(  0.0)
   3+( 4)  9.519    4+( 1)  4.548  4.971      0.2(  0.0)      0.1(  0.0)
   3+( 4)  9.519    3+( 1)  6.459  3.060      1.4(  0.3)      1.4(  0.3)
   3+( 4)  9.519    4+( 2)  7.068  2.451      1.1(  0.2)      0.9(  0.2)
   3+( 4)  9.519    2+( 2)  7.524  1.996      0.2(  0.0)      0.2(  0.0)
   3+( 4)  9.519    3+( 2)  8.039  1.480      0.0(  0.0)      0.0(  0.0)
   3+( 4)  9.519    2+( 3)  8.072  1.447      0.2(  0.0)      0.3(  0.1)
   3+( 4)  9.519    1+( 1)  8.430  1.089      0.2(  0.0)      0.4(  0.1)
   3+( 4)  9.519    2+( 4)  8.490  1.029      0.1(  0.0)      0.2(  0.0)
   3+( 4)  9.519    3+( 3)  8.690  0.829      0.0(  0.0)      0.0(  0.0)
   3+( 4)  9.519    2+( 5)  8.859  0.660      0.0(  0.0)      0.0(  0.0)
   3+( 4)  9.519    1+( 2)  9.048  0.471      0.0(  0.0)      0.0(  0.0)
   3+( 4)  9.519    5+( 1)  9.301  0.218      0.4(  0.1)      0.2(  0.0)
   3+( 4)  9.519    4+( 3)  9.368  0.151      0.1(  0.0)      0.1(  0.0)
   2+( 6)  9.564    0+( 1)  0.000  9.564      0.7(  0.1)      3.3(  0.7)
   2+( 6)  9.564    2+( 1)  1.940  7.624      0.3(  0.1)      0.3(  0.1)
   2+( 6)  9.564    4+( 1)  4.548  5.015      0.2(  0.0)      0.1(  0.0)
   2+( 6)  9.564    0+( 2)  4.821  4.742      0.3(  0.1)      1.5(  0.3)
   2+( 6)  9.564    3+( 1)  6.459  3.104      0.0(  0.0)      0.0(  0.0)
   2+( 6)  9.564    4+( 2)  7.068  2.495      0.4(  0.1)      0.2(  0.0)
   2+( 6)  9.564    0+( 3)  7.477  2.086      0.0(  0.0)      0.0(  0.0)
   2+( 6)  9.564    2+( 2)  7.524  2.040      0.4(  0.1)      0.4(  0.1)
   2+( 6)  9.564    3+( 2)  8.039  1.525      0.0(  0.0)      0.0(  0.0)
   2+( 6)  9.564    2+( 3)  8.072  1.492      0.0(  0.0)      0.0(  0.0)
   2+( 6)  9.564    1+( 1)  8.430  1.134      0.0(  0.0)      0.0(  0.0)
   2+( 6)  9.564    2+( 4)  8.490  1.073      1.1(  0.2)      1.1(  0.2)
   2+( 6)  9.564    3+( 3)  8.690  0.874      1.6(  0.3)      1.1(  0.2)
   2+( 6)  9.564    2+( 5)  8.859  0.704      0.0(  0.0)      0.0(  0.0)
   2+( 6)  9.564    1+( 2)  9.048  0.516      0.0(  0.0)      0.0(  0.0)
   2+( 6)  9.564    4+( 3)  9.368  0.195      0.0(  0.0)      0.0(  0.0)
   2+( 6)  9.564    3+( 4)  9.519  0.044     11.1(  2.2)      7.9(  1.6)
   0+( 4)  9.649    2+( 1)  1.940  7.709      4.8(  0.9)      1.0(  0.2)
   0+( 4)  9.649    2+( 2)  7.524  2.126      0.3(  0.1)      0.1(  0.0)
   0+( 4)  9.649    2+( 3)  8.072  1.578      0.0(  0.0)      0.0(  0.0)
   0+( 4)  9.649    2+( 4)  8.490  1.159     70.7( 14.0)     14.1(  2.8)
   0+( 4)  9.649    2+( 5)  8.859  0.790      0.1(  0.0)      0.0(  0.0)
   0+( 4)  9.649    2+( 6)  9.564  0.086      0.0(  0.0)      0.0(  0.0)
   2+( 7)  9.786    0+( 1)  0.000  9.786      0.5(  0.1)      2.4(  0.5)
   2+( 7)  9.786    2+( 1)  1.940  7.846      0.2(  0.0)      0.2(  0.0)
   2+( 7)  9.786    4+( 1)  4.548  5.237      1.7(  0.3)      0.9(  0.2)
   2+( 7)  9.786    0+( 2)  4.821  4.965      4.0(  0.8)     19.8(  3.9)
   2+( 7)  9.786    3+( 1)  6.459  3.327      0.2(  0.0)      0.1(  0.0)
   2+( 7)  9.786    4+( 2)  7.068  2.718      1.0(  0.2)      0.5(  0.1)
   2+( 7)  9.786    0+( 3)  7.477  2.309      1.4(  0.3)      7.2(  1.4)
   2+( 7)  9.786    2+( 2)  7.524  2.262     33.5(  6.6)     33.5(  6.6)
   2+( 7)  9.786    3+( 2)  8.039  1.747      0.1(  0.0)      0.0(  0.0)
   2+( 7)  9.786    2+( 3)  8.072  1.714      7.8(  1.5)      7.8(  1.5)
   2+( 7)  9.786    1+( 1)  8.430  1.356     47.3(  9.4)     78.9( 15.6)
   2+( 7)  9.786    2+( 4)  8.490  1.296     16.3(  3.2)     16.3(  3.2)
   2+( 7)  9.786    3+( 3)  8.690  1.096      9.1(  1.8)      6.5(  1.3)
   2+( 7)  9.786    2+( 5)  8.859  0.926      7.0(  1.4)      7.0(  1.4)
   2+( 7)  9.786    1+( 2)  9.048  0.738      0.6(  0.1)      1.1(  0.2)
   2+( 7)  9.786    4+( 3)  9.368  0.418     15.0(  3.0)      8.3(  1.6)
   2+( 7)  9.786    3+( 4)  9.519  0.267      0.0(  0.0)      0.0(  0.0)
   2+( 7)  9.786    2+( 6)  9.564  0.222      0.0(  0.0)      0.0(  0.0)
   2+( 7)  9.786    0+( 4)  9.649  0.136     16.3(  3.2)     81.5( 16.1)
   4+( 4) 10.064    2+( 1)  1.940  8.124      0.0(  0.0)      0.0(  0.0)
   4+( 4) 10.064    4+( 1)  4.548  5.515      1.2(  0.2)      1.2(  0.2)
   4+( 4) 10.064    3+( 1)  6.459  3.605      0.0(  0.0)      0.1(  0.0)
   4+( 4) 10.064    4+( 2)  7.068  2.996      8.8(  1.7)      8.8(  1.7)
   4+( 4) 10.064    2+( 2)  7.524  2.540     54.2( 10.7)     97.5( 19.3)
   4+( 4) 10.064    3+( 2)  8.039  2.025     24.5(  4.9)     31.5(  6.2)
   4+( 4) 10.064    2+( 3)  8.072  1.992      7.9(  1.6)     14.2(  2.8)
   4+( 4) 10.064    6+( 1)  8.395  1.669      0.7(  0.1)      0.5(  0.1)
   4+( 4) 10.064    2+( 4)  8.490  1.574      8.9(  1.8)     16.0(  3.2)
   4+( 4) 10.064    3+( 3)  8.690  1.374      0.1(  0.0)      0.1(  0.0)
   4+( 4) 10.064    2+( 5)  8.859  1.204     26.5(  5.2)     47.7(  9.4)
   4+( 4) 10.064    5+( 1)  9.301  0.762      8.2(  1.6)      6.7(  1.3)
   4+( 4) 10.064    4+( 3)  9.368  0.696     14.5(  2.9)     14.5(  2.9)
   4+( 4) 10.064    3+( 4)  9.519  0.544      0.0(  0.0)      0.0(  0.0)
   4+( 4) 10.064    2+( 6)  9.564  0.500      0.0(  0.0)      0.0(  0.0)
   4+( 4) 10.064    2+( 7)  9.786  0.278     11.0(  2.2)     19.9(  3.9)
   5+( 2) 10.424    4+( 1)  4.548  5.876      0.1(  0.0)      0.1(  0.0)
   5+( 2) 10.424    3+( 1)  6.459  3.965     22.8(  4.5)     35.8(  7.1)
   5+( 2) 10.424    4+( 2)  7.068  3.356      1.8(  0.4)      2.2(  0.4)
   5+( 2) 10.424    3+( 2)  8.039  2.385     10.7(  2.1)     16.8(  3.3)
   5+( 2) 10.424    6+( 1)  8.395  2.029      0.0(  0.0)      0.0(  0.0)
   5+( 2) 10.424    3+( 3)  8.690  1.734      2.6(  0.5)      4.1(  0.8)
   5+( 2) 10.424    5+( 1)  9.301  1.123      9.7(  1.9)      9.7(  1.9)
   5+( 2) 10.424    4+( 3)  9.368  1.056      1.1(  0.2)      1.3(  0.3)
   5+( 2) 10.424    3+( 4)  9.519  0.905      1.7(  0.3)      2.7(  0.5)
   5+( 2) 10.424    4+( 4) 10.064  0.360      0.9(  0.2)      1.1(  0.2)
   3+( 5) 10.520    2+( 1)  1.940  8.580      0.0(  0.0)      0.0(  0.0)
   3+( 5) 10.520    4+( 1)  4.548  5.972      0.4(  0.1)      0.3(  0.1)
   3+( 5) 10.520    3+( 1)  6.459  4.061      0.5(  0.1)      0.5(  0.1)
   3+( 5) 10.520    4+( 2)  7.068  3.452      0.3(  0.1)      0.3(  0.1)
   3+( 5) 10.520    2+( 2)  7.524  2.997      0.1(  0.0)      0.1(  0.0)
   3+( 5) 10.520    3+( 2)  8.039  2.481      0.0(  0.0)      0.0(  0.0)
   3+( 5) 10.520    2+( 3)  8.072  2.448      0.0(  0.0)      0.0(  0.0)
   3+( 5) 10.520    1+( 1)  8.430  2.090      0.1(  0.0)      0.2(  0.0)
   3+( 5) 10.520    2+( 4)  8.490  2.030      0.8(  0.2)      1.1(  0.2)
   3+( 5) 10.520    3+( 3)  8.690  1.830      0.0(  0.0)      0.0(  0.0)
   3+( 5) 10.520    2+( 5)  8.859  1.661      0.3(  0.1)      0.4(  0.1)
   3+( 5) 10.520    1+( 2)  9.048  1.472      0.0(  0.0)      0.0(  0.0)
   3+( 5) 10.520    5+( 1)  9.301  1.219      0.5(  0.1)      0.3(  0.1)
   3+( 5) 10.520    4+( 3)  9.368  1.152      0.1(  0.0)      0.1(  0.0)
   3+( 5) 10.520    3+( 4)  9.519  1.001      8.1(  1.6)      8.1(  1.6)
   3+( 5) 10.520    2+( 6)  9.564  0.957     61.0( 12.1)     85.5( 16.9)
   3+( 5) 10.520    2+( 7)  9.786  0.734      0.1(  0.0)      0.1(  0.0)
   3+( 5) 10.520    4+( 4) 10.064  0.456      0.0(  0.0)      0.0(  0.0)
   3+( 5) 10.520    5+( 2) 10.424  0.096      0.1(  0.0)      0.1(  0.0)
   0+( 5) 10.535    2+( 1)  1.940  8.595      0.5(  0.1)      0.1(  0.0)
   0+( 5) 10.535    2+( 2)  7.524  3.011      0.5(  0.1)      0.1(  0.0)
   0+( 5) 10.535    2+( 3)  8.072  2.463      1.7(  0.3)      0.3(  0.1)
   0+( 5) 10.535    2+( 4)  8.490  2.045      0.7(  0.1)      0.1(  0.0)
   0+( 5) 10.535    2+( 5)  8.859  1.676      0.2(  0.0)      0.0(  0.0)
   0+( 5) 10.535    2+( 6)  9.564  0.971     37.2(  7.4)      7.4(  1.5)
   0+( 5) 10.535    2+( 7)  9.786  0.749      2.6(  0.5)      0.5(  0.1)
   3+( 6) 10.642    2+( 1)  1.940  8.702      0.4(  0.1)      0.6(  0.1)
   3+( 6) 10.642    4+( 1)  4.548  6.093      0.9(  0.2)      0.7(  0.1)
   3+( 6) 10.642    3+( 1)  6.459  4.182      3.0(  0.6)      3.0(  0.6)
   3+( 6) 10.642    4+( 2)  7.068  3.573      2.3(  0.4)      1.8(  0.3)
   3+( 6) 10.642    2+( 2)  7.524  3.118     12.4(  2.4)     17.3(  3.4)
   3+( 6) 10.642    3+( 2)  8.039  2.603     14.6(  2.9)     14.6(  2.9)
   3+( 6) 10.642    2+( 3)  8.072  2.570      7.2(  1.4)     10.1(  2.0)
   3+( 6) 10.642    1+( 1)  8.430  2.212      0.2(  0.0)      0.6(  0.1)
   3+( 6) 10.642    2+( 4)  8.490  2.151      2.9(  0.6)      4.1(  0.8)
   3+( 6) 10.642    3+( 3)  8.690  1.952      0.0(  0.0)      0.0(  0.0)
   3+( 6) 10.642    2+( 5)  8.859  1.782      0.7(  0.1)      1.0(  0.2)
   3+( 6) 10.642    1+( 2)  9.048  1.594      0.0(  0.0)      0.1(  0.0)
   3+( 6) 10.642    5+( 1)  9.301  1.340      1.7(  0.3)      1.1(  0.2)
   3+( 6) 10.642    4+( 3)  9.368  1.273      0.0(  0.0)      0.0(  0.0)
   3+( 6) 10.642    3+( 4)  9.519  1.122      0.3(  0.1)      0.3(  0.1)
   3+( 6) 10.642    2+( 6)  9.564  1.078      0.0(  0.0)      0.0(  0.0)
   3+( 6) 10.642    2+( 7)  9.786  0.856     14.7(  2.9)     20.5(  4.1)
   3+( 6) 10.642    4+( 4) 10.064  0.578      7.7(  1.5)      6.0(  1.2)
   3+( 6) 10.642    5+( 2) 10.424  0.217      0.1(  0.0)      0.0(  0.0)
   3+( 6) 10.642    3+( 5) 10.520  0.121      0.2(  0.0)      0.2(  0.0)
   2+( 8) 10.693    0+( 1)  0.000 10.693      0.1(  0.0)      0.6(  0.1)
   2+( 8) 10.693    2+( 1)  1.940  8.753      2.5(  0.5)      2.5(  0.5)
   2+( 8) 10.693    4+( 1)  4.548  6.144      0.1(  0.0)      0.0(  0.0)
   2+( 8) 10.693    0+( 2)  4.821  5.871      2.0(  0.4)     10.0(  2.0)
   2+( 8) 10.693    3+( 1)  6.459  4.233      0.1(  0.0)      0.1(  0.0)
   2+( 8) 10.693    4+( 2)  7.068  3.624      0.5(  0.1)      0.3(  0.1)
   2+( 8) 10.693    0+( 3)  7.477  3.215      2.6(  0.5)     13.0(  2.6)
   2+( 8) 10.693    2+( 2)  7.524  3.169      0.8(  0.2)      0.8(  0.2)
   2+( 8) 10.693    3+( 2)  8.039  2.653      0.7(  0.1)      0.5(  0.1)
   2+( 8) 10.693    2+( 3)  8.072  2.621      0.9(  0.2)      0.9(  0.2)
   2+( 8) 10.693    1+( 1)  8.430  2.262      3.3(  0.6)      5.4(  1.1)
   2+( 8) 10.693    2+( 4)  8.490  2.202     13.2(  2.6)     13.2(  2.6)
   2+( 8) 10.693    3+( 3)  8.690  2.003     15.4(  3.0)     11.0(  2.2)
   2+( 8) 10.693    2+( 5)  8.859  1.833     28.3(  5.6)     28.3(  5.6)
   2+( 8) 10.693    1+( 2)  9.048  1.645      1.9(  0.4)      3.2(  0.6)
   2+( 8) 10.693    4+( 3)  9.368  1.324      2.9(  0.6)      1.6(  0.3)
   2+( 8) 10.693    3+( 4)  9.519  1.173      0.1(  0.0)      0.0(  0.0)
   2+( 8) 10.693    2+( 6)  9.564  1.129      0.0(  0.0)      0.0(  0.0)
   2+( 8) 10.693    0+( 4)  9.649  1.043     30.7(  6.1)    153.7( 30.4)
   2+( 8) 10.693    2+( 7)  9.786  0.907      1.2(  0.2)      1.2(  0.2)
   2+( 8) 10.693    4+( 4) 10.064  0.629     11.4(  2.3)      6.3(  1.3)
   2+( 8) 10.693    3+( 5) 10.520  0.172      0.1(  0.0)      0.0(  0.0)
   2+( 8) 10.693    0+( 5) 10.535  0.158      0.0(  0.0)      0.0(  0.0)
   2+( 8) 10.693    3+( 6) 10.642  0.051     11.4(  2.3)      8.2(  1.6)
   4+( 5) 10.727    2+( 1)  1.940  8.787      1.0(  0.2)      1.9(  0.4)
   4+( 5) 10.727    4+( 1)  4.548  6.179      4.8(  0.9)      4.8(  0.9)
   4+( 5) 10.727    3+( 1)  6.459  4.268      6.3(  1.3)      8.1(  1.6)
   4+( 5) 10.727    4+( 2)  7.068  3.659      1.0(  0.2)      1.0(  0.2)
   4+( 5) 10.727    2+( 2)  7.524  3.203      2.0(  0.4)      3.5(  0.7)
   4+( 5) 10.727    3+( 2)  8.039  2.688      1.1(  0.2)      1.4(  0.3)
   4+( 5) 10.727    2+( 3)  8.072  2.655      0.9(  0.2)      1.5(  0.3)
   4+( 5) 10.727    6+( 1)  8.395  2.332      2.2(  0.4)      1.6(  0.3)
   4+( 5) 10.727    2+( 4)  8.490  2.237      7.1(  1.4)     12.8(  2.5)
   4+( 5) 10.727    3+( 3)  8.690  2.037     24.0(  4.7)     30.8(  6.1)
   4+( 5) 10.727    2+( 5)  8.859  1.868      8.7(  1.7)     15.7(  3.1)
   4+( 5) 10.727    5+( 1)  9.301  1.426      7.9(  1.6)      6.5(  1.3)
   4+( 5) 10.727    4+( 3)  9.368  1.359      5.4(  1.1)      5.4(  1.1)
   4+( 5) 10.727    3+( 4)  9.519  1.208      0.1(  0.0)      0.2(  0.0)
   4+( 5) 10.727    2+( 6)  9.564  1.163      0.3(  0.1)      0.5(  0.1)
   4+( 5) 10.727    2+( 7)  9.786  0.941     14.7(  2.9)     26.4(  5.2)
   4+( 5) 10.727    4+( 4) 10.064  0.663     12.9(  2.6)     12.9(  2.6)
   4+( 5) 10.727    5+( 2) 10.424  0.303      0.1(  0.0)      0.1(  0.0)
   4+( 5) 10.727    3+( 5) 10.520  0.207      0.3(  0.1)      0.4(  0.1)
   4+( 5) 10.727    3+( 6) 10.642  0.085     32.8(  6.5)     42.2(  8.4)
   4+( 5) 10.727    2+( 8) 10.693  0.034      8.6(  1.7)     15.5(  3.1)
   1+( 3) 10.787    2+( 1)  1.940  8.847      0.5(  0.1)      0.3(  0.1)
   1+( 3) 10.787    3+( 1)  6.459  4.328      1.0(  0.2)      0.4(  0.1)
   1+( 3) 10.787    2+( 2)  7.524  3.264      0.2(  0.0)      0.1(  0.0)
   1+( 3) 10.787    3+( 2)  8.039  2.748      0.0(  0.0)      0.0(  0.0)
   1+( 3) 10.787    2+( 3)  8.072  2.715      0.4(  0.1)      0.3(  0.1)
   1+( 3) 10.787    1+( 1)  8.430  2.357      0.7(  0.1)      0.7(  0.1)
   1+( 3) 10.787    2+( 4)  8.490  2.297      0.8(  0.2)      0.5(  0.1)
   1+( 3) 10.787    3+( 3)  8.690  2.097      0.7(  0.1)      0.3(  0.1)
   1+( 3) 10.787    2+( 5)  8.859  1.928      0.1(  0.0)      0.0(  0.0)
   1+( 3) 10.787    1+( 2)  9.048  1.739      0.0(  0.0)      0.0(  0.0)
   1+( 3) 10.787    3+( 4)  9.519  1.268     39.7(  7.9)     17.0(  3.4)
   1+( 3) 10.787    2+( 6)  9.564  1.224     21.0(  4.2)     12.6(  2.5)
   1+( 3) 10.787    2+( 7)  9.786  1.001      0.0(  0.0)      0.0(  0.0)
   1+( 3) 10.787    3+( 5) 10.520  0.267      3.7(  0.7)      1.6(  0.3)
   1+( 3) 10.787    3+( 6) 10.642  0.146      0.1(  0.0)      0.0(  0.0)
   1+( 3) 10.787    2+( 8) 10.693  0.095      0.0(  0.0)      0.0(  0.0)
   0+( 6) 10.857    2+( 1)  1.940  8.917      0.1(  0.0)      0.0(  0.0)
   0+( 6) 10.857    2+( 2)  7.524  3.333      2.8(  0.6)      0.6(  0.1)
   0+( 6) 10.857    2+( 3)  8.072  2.785      1.6(  0.3)      0.3(  0.1)
   0+( 6) 10.857    2+( 4)  8.490  2.367      4.3(  0.8)      0.9(  0.2)
   0+( 6) 10.857    2+( 5)  8.859  1.998     28.3(  5.6)      5.7(  1.1)
   0+( 6) 10.857    2+( 6)  9.564  1.293      0.0(  0.0)      0.0(  0.0)
   0+( 6) 10.857    2+( 7)  9.786  1.071     12.9(  2.6)      2.6(  0.5)
   0+( 6) 10.857    2+( 8) 10.693  0.164     53.8( 10.6)     10.8(  2.1)
   1+( 4) 10.924    2+( 1)  1.940  8.984      0.0(  0.0)      0.0(  0.0)
   1+( 4) 10.924    3+( 1)  6.459  4.465      2.0(  0.4)      0.9(  0.2)
   1+( 4) 10.924    2+( 2)  7.524  3.400      1.1(  0.2)      0.6(  0.1)
   1+( 4) 10.924    3+( 2)  8.039  2.885      0.8(  0.2)      0.3(  0.1)
   1+( 4) 10.924    2+( 3)  8.072  2.852      0.3(  0.1)      0.2(  0.0)
   1+( 4) 10.924    1+( 1)  8.430  2.494     13.9(  2.7)     13.9(  2.7)
   1+( 4) 10.924    2+( 4)  8.490  2.434     14.6(  2.9)      8.8(  1.7)
   1+( 4) 10.924    3+( 3)  8.690  2.234      1.0(  0.2)      0.4(  0.1)
   1+( 4) 10.924    2+( 5)  8.859  2.065      1.3(  0.3)      0.8(  0.2)
   1+( 4) 10.924    1+( 2)  9.048  1.876     22.6(  4.5)     22.6(  4.5)
   1+( 4) 10.924    3+( 4)  9.519  1.405      0.1(  0.0)      0.1(  0.0)
   1+( 4) 10.924    2+( 6)  9.564  1.360      0.1(  0.0)      0.1(  0.0)
   1+( 4) 10.924    2+( 7)  9.786  1.138      5.6(  1.1)      3.3(  0.7)
   1+( 4) 10.924    3+( 5) 10.520  0.404      0.0(  0.0)      0.0(  0.0)
   1+( 4) 10.924    3+( 6) 10.642  0.282      5.5(  1.1)      2.4(  0.5)
   1+( 4) 10.924    2+( 8) 10.693  0.231      0.0(  0.0)      0.0(  0.0)
   1+( 4) 10.924    1+( 3) 10.787  0.137      0.7(  0.1)      0.7(  0.1)
   3+( 7) 10.941    2+( 1)  1.940  9.001      0.0(  0.0)      0.0(  0.0)
   3+( 7) 10.941    4+( 1)  4.548  6.393      0.5(  0.1)      0.4(  0.1)
   3+( 7) 10.941    3+( 1)  6.459  4.482      0.2(  0.0)      0.2(  0.0)
   3+( 7) 10.941    4+( 2)  7.068  3.873      1.2(  0.2)      1.0(  0.2)
   3+( 7) 10.941    2+( 2)  7.524  3.418      6.6(  1.3)      9.2(  1.8)
   3+( 7) 10.941    3+( 2)  8.039  2.902      3.6(  0.7)      3.6(  0.7)
   3+( 7) 10.941    2+( 3)  8.072  2.869      9.6(  1.9)     13.4(  2.6)
   3+( 7) 10.941    1+( 1)  8.430  2.511      1.1(  0.2)      2.5(  0.5)
   3+( 7) 10.941    2+( 4)  8.490  2.451      3.1(  0.6)      4.3(  0.8)
   3+( 7) 10.941    3+( 3)  8.690  2.251     20.6(  4.1)     20.6(  4.1)
   3+( 7) 10.941    2+( 5)  8.859  2.082      1.4(  0.3)      2.0(  0.4)
   3+( 7) 10.941    1+( 2)  9.048  1.893     32.3(  6.4)     75.3( 14.9)
   3+( 7) 10.941    5+( 1)  9.301  1.640      0.7(  0.1)      0.4(  0.1)
   3+( 7) 10.941    4+( 3)  9.368  1.573      5.6(  1.1)      4.3(  0.9)
   3+( 7) 10.941    3+( 4)  9.519  1.422      0.0(  0.0)      0.0(  0.0)
   3+( 7) 10.941    2+( 6)  9.564  1.377      0.1(  0.0)      0.1(  0.0)
   3+( 7) 10.941    2+( 7)  9.786  1.155      9.3(  1.8)     13.0(  2.6)
   3+( 7) 10.941    4+( 4) 10.064  0.877      0.8(  0.2)      0.6(  0.1)
   3+( 7) 10.941    5+( 2) 10.424  0.517      3.2(  0.6)      2.1(  0.4)
   3+( 7) 10.941    3+( 5) 10.520  0.421      0.0(  0.0)      0.0(  0.0)
   3+( 7) 10.941    3+( 6) 10.642  0.299     16.0(  3.2)     16.0(  3.2)
   3+( 7) 10.941    2+( 8) 10.693  0.248      0.4(  0.1)      0.5(  0.1)
   3+( 7) 10.941    4+( 5) 10.727  0.214      9.5(  1.9)      7.4(  1.5)
   3+( 7) 10.941    1+( 3) 10.787  0.154      0.0(  0.0)      0.0(  0.0)
   3+( 7) 10.941    1+( 4) 10.924  0.017      5.4(  1.1)     12.6(  2.5)
   6+( 2) 11.029    4+( 1)  4.548  6.481     21.6(  4.3)     31.3(  6.2)
   6+( 2) 11.029    4+( 2)  7.068  3.961      0.2(  0.0)      0.2(  0.0)
   6+( 2) 11.029    6+( 1)  8.395  2.634      1.3(  0.2)      1.3(  0.2)
   6+( 2) 11.029    5+( 1)  9.301  1.728      5.5(  1.1)      6.6(  1.3)
   6+( 2) 11.029    4+( 3)  9.368  1.661      1.8(  0.4)      2.6(  0.5)
   6+( 2) 11.029    4+( 4) 10.064  0.966      0.1(  0.0)      0.2(  0.0)
   6+( 2) 11.029    5+( 2) 10.424  0.605      3.3(  0.7)      3.9(  0.8)
   6+( 2) 11.029    4+( 5) 10.727  0.302      0.4(  0.1)      0.6(  0.1)
   4+( 6) 11.070    2+( 1)  1.940  9.130      0.0(  0.0)      0.1(  0.0)
   4+( 6) 11.070    4+( 1)  4.548  6.522      0.2(  0.0)      0.2(  0.0)
   4+( 6) 11.070    3+( 1)  6.459  4.611      0.0(  0.0)      0.0(  0.0)
   4+( 6) 11.070    4+( 2)  7.068  4.002      0.1(  0.0)      0.1(  0.0)
   4+( 6) 11.070    2+( 2)  7.524  3.547      4.9(  1.0)      8.9(  1.8)
   4+( 6) 11.070    3+( 2)  8.039  3.031      0.4(  0.1)      0.5(  0.1)
   4+( 6) 11.070    2+( 3)  8.072  2.999      2.1(  0.4)      3.7(  0.7)
   4+( 6) 11.070    6+( 1)  8.395  2.675      3.8(  0.8)      2.6(  0.5)
   4+( 6) 11.070    2+( 4)  8.490  2.580     12.9(  2.6)     23.3(  4.6)
   4+( 6) 11.070    3+( 3)  8.690  2.380     29.6(  5.9)     38.1(  7.5)
   4+( 6) 11.070    2+( 5)  8.859  2.211      3.7(  0.7)      6.6(  1.3)
   4+( 6) 11.070    5+( 1)  9.301  1.769      6.4(  1.3)      5.2(  1.0)
   4+( 6) 11.070    4+( 3)  9.368  1.702      6.0(  1.2)      6.0(  1.2)
   4+( 6) 11.070    3+( 4)  9.519  1.551      0.0(  0.0)      0.0(  0.0)
   4+( 6) 11.070    2+( 6)  9.564  1.507      1.3(  0.3)      2.4(  0.5)
   4+( 6) 11.070    2+( 7)  9.786  1.285      1.9(  0.4)      3.4(  0.7)
   4+( 6) 11.070    4+( 4) 10.064  1.007      0.8(  0.2)      0.8(  0.2)
   4+( 6) 11.070    5+( 2) 10.424  0.646      4.8(  0.9)      3.9(  0.8)
   4+( 6) 11.070    3+( 5) 10.520  0.550      0.2(  0.0)      0.2(  0.0)
   4+( 6) 11.070    3+( 6) 10.642  0.429     11.2(  2.2)     14.4(  2.8)
   4+( 6) 11.070    2+( 8) 10.693  0.378      0.7(  0.1)      1.2(  0.2)
   4+( 6) 11.070    4+( 5) 10.727  0.343      0.1(  0.0)      0.1(  0.0)
   4+( 6) 11.070    3+( 7) 10.941  0.129      3.5(  0.7)      4.5(  0.9)
   4+( 6) 11.070    6+( 2) 11.029  0.041      3.6(  0.7)      2.5(  0.5)
   2+( 9) 11.086    0+( 1)  0.000 11.086      0.9(  0.2)      4.6(  0.9)
   2+( 9) 11.086    2+( 1)  1.940  9.146      0.2(  0.0)      0.2(  0.0)
   2+( 9) 11.086    4+( 1)  4.548  6.537      0.1(  0.0)      0.1(  0.0)
   2+( 9) 11.086    0+( 2)  4.821  6.265      0.0(  0.0)      0.1(  0.0)
   2+( 9) 11.086    3+( 1)  6.459  4.627      0.1(  0.0)      0.0(  0.0)
   2+( 9) 11.086    4+( 2)  7.068  4.018      0.3(  0.1)      0.2(  0.0)
   2+( 9) 11.086    0+( 3)  7.477  3.609      0.0(  0.0)      0.2(  0.0)
   2+( 9) 11.086    2+( 2)  7.524  3.562      0.0(  0.0)      0.0(  0.0)
   2+( 9) 11.086    3+( 2)  8.039  3.047      0.9(  0.2)      0.6(  0.1)
   2+( 9) 11.086    2+( 3)  8.072  3.014      0.1(  0.0)      0.1(  0.0)
   2+( 9) 11.086    1+( 1)  8.430  2.656      0.2(  0.0)      0.4(  0.1)
   2+( 9) 11.086    2+( 4)  8.490  2.596      0.1(  0.0)      0.1(  0.0)
   2+( 9) 11.086    3+( 3)  8.690  2.396      0.1(  0.0)      0.1(  0.0)
   2+( 9) 11.086    2+( 5)  8.859  2.227      0.4(  0.1)      0.4(  0.1)
   2+( 9) 11.086    1+( 2)  9.048  2.038      0.0(  0.0)      0.0(  0.0)
   2+( 9) 11.086    4+( 3)  9.368  1.718      0.0(  0.0)      0.0(  0.0)
   2+( 9) 11.086    3+( 4)  9.519  1.567     35.1(  6.9)     25.1(  5.0)
   2+( 9) 11.086    2+( 6)  9.564  1.522      8.8(  1.7)      8.8(  1.7)
   2+( 9) 11.086    0+( 4)  9.649  1.436      0.3(  0.1)      1.5(  0.3)
   2+( 9) 11.086    2+( 7)  9.786  1.300      0.2(  0.0)      0.2(  0.0)
   2+( 9) 11.086    4+( 4) 10.064  1.022      0.1(  0.0)      0.1(  0.0)
   2+( 9) 11.086    3+( 5) 10.520  0.566      4.5(  0.9)      3.2(  0.6)
   2+( 9) 11.086    0+( 5) 10.535  0.551     12.0(  2.4)     60.0( 11.9)
   2+( 9) 11.086    3+( 6) 10.642  0.444      0.2(  0.0)      0.1(  0.0)
   2+( 9) 11.086    2+( 8) 10.693  0.393      0.5(  0.1)      0.5(  0.1)
   2+( 9) 11.086    4+( 5) 10.727  0.359      0.1(  0.0)      0.0(  0.0)
   2+( 9) 11.086    1+( 3) 10.787  0.299      9.7(  1.9)     16.2(  3.2)
   2+( 9) 11.086    0+( 6) 10.857  0.229      0.0(  0.0)      0.2(  0.0)
   2+( 9) 11.086    1+( 4) 10.924  0.162      0.3(  0.1)      0.5(  0.1)
   2+( 9) 11.086    3+( 7) 10.941  0.145      0.0(  0.0)      0.0(  0.0)
   2+( 9) 11.086    4+( 6) 11.070  0.016      0.0(  0.0)      0.0(  0.0)
   1+( 5) 11.161    2+( 1)  1.940  9.221      2.3(  0.5)      1.4(  0.3)
   1+( 5) 11.161    3+( 1)  6.459  4.702      1.0(  0.2)      0.4(  0.1)
   1+( 5) 11.161    2+( 2)  7.524  3.637      0.2(  0.0)      0.1(  0.0)
   1+( 5) 11.161    3+( 2)  8.039  3.122      0.8(  0.2)      0.4(  0.1)
   1+( 5) 11.161    2+( 3)  8.072  3.089      0.2(  0.0)      0.1(  0.0)
   1+( 5) 11.161    1+( 1)  8.430  2.731      0.2(  0.0)      0.2(  0.0)
   1+( 5) 11.161    2+( 4)  8.490  2.671      0.2(  0.0)      0.1(  0.0)
   1+( 5) 11.161    3+( 3)  8.690  2.471      0.0(  0.0)      0.0(  0.0)
   1+( 5) 11.161    2+( 5)  8.859  2.302      0.1(  0.0)      0.0(  0.0)
   1+( 5) 11.161    1+( 2)  9.048  2.113      0.1(  0.0)      0.1(  0.0)
   1+( 5) 11.161    3+( 4)  9.519  1.642     20.4(  4.0)      8.7(  1.7)
   1+( 5) 11.161    2+( 6)  9.564  1.597     26.0(  5.1)     15.6(  3.1)
   1+( 5) 11.161    2+( 7)  9.786  1.375      0.1(  0.0)      0.1(  0.0)
   1+( 5) 11.161    3+( 5) 10.520  0.641     14.4(  2.8)      6.2(  1.2)
   1+( 5) 11.161    3+( 6) 10.642  0.519      0.0(  0.0)      0.0(  0.0)
   1+( 5) 11.161    2+( 8) 10.693  0.468      0.0(  0.0)      0.0(  0.0)
   1+( 5) 11.161    1+( 3) 10.787  0.374     31.3(  6.2)     31.3(  6.2)
   1+( 5) 11.161    1+( 4) 10.924  0.237      0.2(  0.0)      0.2(  0.0)
   1+( 5) 11.161    3+( 7) 10.941  0.220      0.2(  0.0)      0.1(  0.0)
   1+( 5) 11.161    2+( 9) 11.086  0.075     44.9(  8.9)     26.9(  5.3)
   3+( 8) 11.391    2+( 1)  1.940  9.451      0.9(  0.2)      1.3(  0.3)
   3+( 8) 11.391    4+( 1)  4.548  6.842      0.2(  0.0)      0.2(  0.0)
   3+( 8) 11.391    3+( 1)  6.459  4.932      0.0(  0.0)      0.0(  0.0)
   3+( 8) 11.391    4+( 2)  7.068  4.323      0.1(  0.0)      0.1(  0.0)
   3+( 8) 11.391    2+( 2)  7.524  3.867      8.3(  1.6)     11.6(  2.3)
   3+( 8) 11.391    3+( 2)  8.039  3.352      3.3(  0.7)      3.3(  0.7)
   3+( 8) 11.391    2+( 3)  8.072  3.319      2.1(  0.4)      2.9(  0.6)
   3+( 8) 11.391    1+( 1)  8.430  2.961      0.4(  0.1)      1.0(  0.2)
   3+( 8) 11.391    2+( 4)  8.490  2.901     12.5(  2.5)     17.4(  3.5)
   3+( 8) 11.391    3+( 3)  8.690  2.701      3.9(  0.8)      3.9(  0.8)
   3+( 8) 11.391    2+( 5)  8.859  2.531      0.1(  0.0)      0.2(  0.0)
   3+( 8) 11.391    1+( 2)  9.048  2.343     25.2(  5.0)     58.8( 11.6)
   3+( 8) 11.391    5+( 1)  9.301  2.089      0.1(  0.0)      0.1(  0.0)
   3+( 8) 11.391    4+( 3)  9.368  2.023      0.4(  0.1)      0.3(  0.1)
   3+( 8) 11.391    3+( 4)  9.519  1.871      0.1(  0.0)      0.1(  0.0)
   3+( 8) 11.391    2+( 6)  9.564  1.827      0.0(  0.0)      0.0(  0.0)
   3+( 8) 11.391    2+( 7)  9.786  1.605      6.7(  1.3)      9.4(  1.9)
   3+( 8) 11.391    4+( 4) 10.064  1.327      1.5(  0.3)      1.2(  0.2)
   3+( 8) 11.391    5+( 2) 10.424  0.967      2.1(  0.4)      1.3(  0.3)
   3+( 8) 11.391    3+( 5) 10.520  0.870      0.0(  0.0)      0.0(  0.0)
   3+( 8) 11.391    3+( 6) 10.642  0.749     31.7(  6.3)     31.7(  6.3)
   3+( 8) 11.391    2+( 8) 10.693  0.698      7.8(  1.5)     10.9(  2.1)
   3+( 8) 11.391    4+( 5) 10.727  0.664      0.1(  0.0)      0.1(  0.0)
   3+( 8) 11.391    1+( 3) 10.787  0.603      0.0(  0.0)      0.0(  0.0)
   3+( 8) 11.391    1+( 4) 10.924  0.467     27.6(  5.5)     64.5( 12.8)
   3+( 8) 11.391    3+( 7) 10.941  0.450      2.2(  0.4)      2.2(  0.4)
   3+( 8) 11.391    4+( 6) 11.070  0.320      1.3(  0.3)      1.0(  0.2)
   3+( 8) 11.391    2+( 9) 11.086  0.305      0.0(  0.0)      0.1(  0.0)
   3+( 8) 11.391    1+( 5) 11.161  0.230      0.0(  0.0)      0.1(  0.0)
   4+( 7) 11.480    2+( 1)  1.940  9.540      0.0(  0.0)      0.0(  0.0)
   4+( 7) 11.480    4+( 1)  4.548  6.932      0.0(  0.0)      0.0(  0.0)
   4+( 7) 11.480    3+( 1)  6.459  5.021      3.7(  0.7)      4.7(  0.9)
   4+( 7) 11.480    4+( 2)  7.068  4.412      0.3(  0.1)      0.3(  0.1)
   4+( 7) 11.480    2+( 2)  7.524  3.957      0.2(  0.0)      0.3(  0.1)
   4+( 7) 11.480    3+( 2)  8.039  3.441      5.0(  1.0)      6.4(  1.3)
   4+( 7) 11.480    2+( 3)  8.072  3.408      0.3(  0.1)      0.5(  0.1)
   4+( 7) 11.480    6+( 1)  8.395  3.085      0.2(  0.0)      0.2(  0.0)
   4+( 7) 11.480    2+( 4)  8.490  2.990      7.3(  1.5)     13.2(  2.6)
   4+( 7) 11.480    3+( 3)  8.690  2.790     14.7(  2.9)     18.9(  3.8)
   4+( 7) 11.480    2+( 5)  8.859  2.621     11.6(  2.3)     20.8(  4.1)
   4+( 7) 11.480    5+( 1)  9.301  2.179      4.5(  0.9)      3.7(  0.7)
   4+( 7) 11.480    4+( 3)  9.368  2.112      0.6(  0.1)      0.6(  0.1)
   4+( 7) 11.480    3+( 4)  9.519  1.961      0.1(  0.0)      0.1(  0.0)
   4+( 7) 11.480    2+( 6)  9.564  1.917      0.1(  0.0)      0.2(  0.0)
   4+( 7) 11.480    2+( 7)  9.786  1.695     15.8(  3.1)     28.4(  5.6)
   4+( 7) 11.480    4+( 4) 10.064  1.417      0.0(  0.0)      0.0(  0.0)
   4+( 7) 11.480    5+( 2) 10.424  1.056      3.0(  0.6)      2.4(  0.5)
   4+( 7) 11.480    3+( 5) 10.520  0.960      0.1(  0.0)      0.1(  0.0)
   4+( 7) 11.480    3+( 6) 10.642  0.839     57.6( 11.4)     74.1( 14.7)
   4+( 7) 11.480    2+( 8) 10.693  0.788      3.8(  0.7)      6.8(  1.3)
   4+( 7) 11.480    4+( 5) 10.727  0.753      0.9(  0.2)      0.9(  0.2)
   4+( 7) 11.480    3+( 7) 10.941  0.539      0.3(  0.1)      0.3(  0.1)
   4+( 7) 11.480    6+( 2) 11.029  0.451      5.2(  1.0)      3.6(  0.7)
   4+( 7) 11.480    4+( 6) 11.070  0.410     20.7(  4.1)     20.7(  4.1)
   4+( 7) 11.480    2+( 9) 11.086  0.394      0.1(  0.0)      0.2(  0.0)
   4+( 7) 11.480    3+( 8) 11.391  0.090     12.1(  2.4)     15.6(  3.1)
   2+(10) 11.511    0+( 1)  0.000 11.511      0.1(  0.0)      0.4(  0.1)
   2+(10) 11.511    2+( 1)  1.940  9.571      0.0(  0.0)      0.0(  0.0)
   2+(10) 11.511    4+( 1)  4.548  6.962      0.1(  0.0)      0.1(  0.0)
   2+(10) 11.511    0+( 2)  4.821  6.690      0.1(  0.0)      0.4(  0.1)
   2+(10) 11.511    3+( 1)  6.459  5.052      0.0(  0.0)      0.0(  0.0)
   2+(10) 11.511    4+( 2)  7.068  4.443      0.2(  0.0)      0.1(  0.0)
   2+(10) 11.511    0+( 3)  7.477  4.034      0.6(  0.1)      3.2(  0.6)
   2+(10) 11.511    2+( 2)  7.524  3.987      0.2(  0.0)      0.2(  0.0)
   2+(10) 11.511    3+( 2)  8.039  3.472      0.9(  0.2)      0.6(  0.1)
   2+(10) 11.511    2+( 3)  8.072  3.439      7.5(  1.5)      7.5(  1.5)
   2+(10) 11.511    1+( 1)  8.430  3.081      8.1(  1.6)     13.5(  2.7)
   2+(10) 11.511    2+( 4)  8.490  3.021      3.1(  0.6)      3.1(  0.6)
   2+(10) 11.511    3+( 3)  8.690  2.821      1.4(  0.3)      1.0(  0.2)
   2+(10) 11.511    2+( 5)  8.859  2.652     29.1(  5.8)     29.1(  5.8)
   2+(10) 11.511    1+( 2)  9.048  2.463      1.9(  0.4)      3.1(  0.6)
   2+(10) 11.511    4+( 3)  9.368  2.143      0.6(  0.1)      0.3(  0.1)
   2+(10) 11.511    3+( 4)  9.519  1.992      0.0(  0.0)      0.0(  0.0)
   2+(10) 11.511    2+( 6)  9.564  1.947      0.0(  0.0)      0.0(  0.0)
   2+(10) 11.511    0+( 4)  9.649  1.861      1.9(  0.4)      9.3(  1.8)
   2+(10) 11.511    2+( 7)  9.786  1.725      0.3(  0.1)      0.3(  0.1)
   2+(10) 11.511    4+( 4) 10.064  1.447      1.4(  0.3)      0.8(  0.2)
   2+(10) 11.511    3+( 5) 10.520  0.991      0.1(  0.0)      0.1(  0.0)
   2+(10) 11.511    0+( 5) 10.535  0.976      0.0(  0.0)      0.1(  0.0)
   2+(10) 11.511    3+( 6) 10.642  0.869      6.0(  1.2)      4.3(  0.8)
   2+(10) 11.511    2+( 8) 10.693  0.818      0.0(  0.0)      0.0(  0.0)
   2+(10) 11.511    4+( 5) 10.727  0.784      0.0(  0.0)      0.0(  0.0)
   2+(10) 11.511    1+( 3) 10.787  0.724      0.1(  0.0)      0.1(  0.0)
   2+(10) 11.511    0+( 6) 10.857  0.654     19.1(  3.8)     95.6( 18.9)
   2+(10) 11.511    1+( 4) 10.924  0.587      2.7(  0.5)      4.6(  0.9)
   2+(10) 11.511    3+( 7) 10.941  0.570      5.4(  1.1)      3.8(  0.8)
   2+(10) 11.511    4+( 6) 11.070  0.440      0.2(  0.0)      0.1(  0.0)
   2+(10) 11.511    2+( 9) 11.086  0.425      0.0(  0.0)      0.0(  0.0)
   2+(10) 11.511    1+( 5) 11.161  0.350      0.1(  0.0)      0.1(  0.0)
   2+(10) 11.511    3+( 8) 11.391  0.120      9.1(  1.8)      6.5(  1.3)
   2+(10) 11.511    4+( 7) 11.480  0.031      0.5(  0.1)      0.3(  0.1)


B(M1)  ( > -0.0 W.u.)  mass = 28    1 W.u. = 1.8 mu_N^2  
                                           mu_N^2   (W.u.) 
   J_i    Ex_i     J_f    Ex_f   dE        B(M1)->         B(M1)<- 
   3+( 1)  6.459    2+( 1)  1.940  4.519    0.000( 0.00)    0.000( 0.00)
   3+( 1)  6.459    4+( 1)  4.548  1.911    0.000( 0.00)    0.000( 0.00)
   4+( 2)  7.068    4+( 1)  4.548  2.520    0.000( 0.00)    0.000( 0.00)
   4+( 2)  7.068    3+( 1)  6.459  0.609    0.000( 0.00)    0.000( 0.00)
   2+( 2)  7.524    2+( 1)  1.940  5.584    0.000( 0.00)    0.000( 0.00)
   2+( 2)  7.524    3+( 1)  6.459  1.064    0.000( 0.00)    0.000( 0.00)
   3+( 2)  8.039    2+( 1)  1.940  6.099    0.000( 0.00)    0.000( 0.00)
   3+( 2)  8.039    4+( 1)  4.548  3.491    0.000( 0.00)    0.000( 0.00)
   3+( 2)  8.039    3+( 1)  6.459  1.580    0.000( 0.00)    0.000( 0.00)
   3+( 2)  8.039    4+( 2)  7.068  0.971    0.000( 0.00)    0.000( 0.00)
   3+( 2)  8.039    2+( 2)  7.524  0.516    0.000( 0.00)    0.000( 0.00)
   2+( 3)  8.072    2+( 1)  1.940  6.132    0.000( 0.00)    0.000( 0.00)
   2+( 3)  8.072    3+( 1)  6.459  1.613    0.000( 0.00)    0.000( 0.00)
   2+( 3)  8.072    2+( 2)  7.524  0.548    0.000( 0.00)    0.000( 0.00)
   2+( 3)  8.072    3+( 2)  8.039  0.033    0.000( 0.00)    0.000( 0.00)
   1+( 1)  8.430    0+( 1)  0.000  8.430    0.000( 0.00)    0.000( 0.00)
   1+( 1)  8.430    2+( 1)  1.940  6.490    0.000( 0.00)    0.000( 0.00)
   1+( 1)  8.430    0+( 2)  4.821  3.609    0.000( 0.00)    0.000( 0.00)
   1+( 1)  8.430    0+( 3)  7.477  0.953    0.000( 0.00)    0.000( 0.00)
   1+( 1)  8.430    2+( 2)  7.524  0.907    0.000( 0.00)    0.000( 0.00)
   1+( 1)  8.430    2+( 3)  8.072  0.358    0.000( 0.00)    0.000( 0.00)
   2+( 4)  8.490    2+( 1)  1.940  6.550    0.000( 0.00)    0.000( 0.00)
   2+( 4)  8.490    3+( 1)  6.459  2.031    0.000( 0.00)    0.000( 0.00)
   2+( 4)  8.490    2+( 2)  7.524  0.967    0.000( 0.00)    0.000( 0.00)
   2+( 4)  8.490    3+( 2)  8.039  0.451    0.000( 0.00)    0.000( 0.00)
   2+( 4)  8.490    2+( 3)  8.072  0.418    0.000( 0.00)    0.000( 0.00)
   2+( 4)  8.490    1+( 1)  8.430  0.060    0.000( 0.00)    0.000( 0.00)
   3+( 3)  8.690    2+( 1)  1.940  6.750    0.000( 0.00)    0.000( 0.00)
   3+( 3)  8.690    4+( 1)  4.548  4.142    0.000( 0.00)    0.000( 0.00)
   3+( 3)  8.690    3+( 1)  6.459  2.231    0.000( 0.00)    0.000( 0.00)
   3+( 3)  8.690    4+( 2)  7.068  1.622    0.000( 0.00)    0.000( 0.00)
   3+( 3)  8.690    2+( 2)  7.524  1.167    0.000( 0.00)    0.000( 0.00)
   3+( 3)  8.690    3+( 2)  8.039  0.651    0.000( 0.00)    0.000( 0.00)
   3+( 3)  8.690    2+( 3)  8.072  0.618    0.000( 0.00)    0.000( 0.00)
   3+( 3)  8.690    2+( 4)  8.490  0.200    0.000( 0.00)    0.000( 0.00)
   2+( 5)  8.859    2+( 1)  1.940  6.919    0.000( 0.00)    0.000( 0.00)
   2+( 5)  8.859    3+( 1)  6.459  2.400    0.000( 0.00)    0.000( 0.00)
   2+( 5)  8.859    2+( 2)  7.524  1.336    0.000( 0.00)    0.000( 0.00)
   2+( 5)  8.859    3+( 2)  8.039  0.820    0.000( 0.00)    0.000( 0.00)
   2+( 5)  8.859    2+( 3)  8.072  0.787    0.000( 0.00)    0.000( 0.00)
   2+( 5)  8.859    1+( 1)  8.430  0.429    0.000( 0.00)    0.000( 0.00)
   2+( 5)  8.859    2+( 4)  8.490  0.369    0.000( 0.00)    0.000( 0.00)
   2+( 5)  8.859    3+( 3)  8.690  0.169    0.000( 0.00)    0.000( 0.00)
   1+( 2)  9.048    0+( 1)  0.000  9.048    0.001( 0.00)    0.004( 0.00)
   1+( 2)  9.048    2+( 1)  1.940  7.108    0.001( 0.00)    0.000( 0.00)
   1+( 2)  9.048    0+( 2)  4.821  4.227    0.000( 0.00)    0.001( 0.00)
   1+( 2)  9.048    0+( 3)  7.477  1.571    0.000( 0.00)    0.000( 0.00)
   1+( 2)  9.048    2+( 2)  7.524  1.524    0.000( 0.00)    0.000( 0.00)
   1+( 2)  9.048    2+( 3)  8.072  0.976    0.000( 0.00)    0.000( 0.00)
   1+( 2)  9.048    1+( 1)  8.430  0.618    0.000( 0.00)    0.000( 0.00)
   1+( 2)  9.048    2+( 4)  8.490  0.558    0.000( 0.00)    0.000( 0.00)
   1+( 2)  9.048    2+( 5)  8.859  0.189    0.000( 0.00)    0.000( 0.00)
   5+( 1)  9.301    4+( 1)  4.548  4.753    0.000( 0.00)    0.000( 0.00)
   5+( 1)  9.301    4+( 2)  7.068  2.233    0.000( 0.00)    0.000( 0.00)
   5+( 1)  9.301    6+( 1)  8.395  0.906    0.000( 0.00)    0.000( 0.00)
   4+( 3)  9.368    4+( 1)  4.548  4.820    0.000( 0.00)    0.000( 0.00)
   4+( 3)  9.368    3+( 1)  6.459  2.909    0.000( 0.00)    0.000( 0.00)
   4+( 3)  9.368    4+( 2)  7.068  2.300    0.000( 0.00)    0.000( 0.00)
   4+( 3)  9.368    3+( 2)  8.039  1.329    0.000( 0.00)    0.000( 0.00)
   4+( 3)  9.368    3+( 3)  8.690  0.678    0.000( 0.00)    0.000( 0.00)
   4+( 3)  9.368    5+( 1)  9.301  0.067    0.000( 0.00)    0.000( 0.00)
   3+( 4)  9.519    2+( 1)  1.940  7.579    0.070( 0.04)    0.098( 0.05)
   3+( 4)  9.519    4+( 1)  4.548  4.971    0.006( 0.00)    0.005( 0.00)
   3+( 4)  9.519    3+( 1)  6.459  3.060    0.680( 0.38)    0.680( 0.38)
   3+( 4)  9.519    4+( 2)  7.068  2.451    0.000( 0.00)    0.000( 0.00)
   3+( 4)  9.519    2+( 2)  7.524  1.996    0.011( 0.01)    0.016( 0.01)
   3+( 4)  9.519    3+( 2)  8.039  1.480    0.180( 0.10)    0.180( 0.10)
   3+( 4)  9.519    2+( 3)  8.072  1.447    0.009( 0.01)    0.013( 0.01)
   3+( 4)  9.519    2+( 4)  8.490  1.029    0.058( 0.03)    0.082( 0.05)
   3+( 4)  9.519    3+( 3)  8.690  0.829    0.571( 0.32)    0.571( 0.32)
   3+( 4)  9.519    2+( 5)  8.859  0.660    0.039( 0.02)    0.055( 0.03)
   3+( 4)  9.519    4+( 3)  9.368  0.151    0.001( 0.00)    0.001( 0.00)
   2+( 6)  9.564    2+( 1)  1.940  7.624    0.123( 0.07)    0.123( 0.07)
   2+( 6)  9.564    3+( 1)  6.459  3.104    0.052( 0.03)    0.037( 0.02)
   2+( 6)  9.564    2+( 2)  7.524  2.040    0.001( 0.00)    0.001( 0.00)
   2+( 6)  9.564    3+( 2)  8.039  1.525    0.001( 0.00)    0.001( 0.00)
   2+( 6)  9.564    2+( 3)  8.072  1.492    0.005( 0.00)    0.005( 0.00)
   2+( 6)  9.564    1+( 1)  8.430  1.134    0.024( 0.01)    0.041( 0.02)
   2+( 6)  9.564    2+( 4)  8.490  1.073    0.641( 0.36)    0.641( 0.36)
   2+( 6)  9.564    3+( 3)  8.690  0.874    0.039( 0.02)    0.028( 0.02)
   2+( 6)  9.564    2+( 5)  8.859  0.704    0.027( 0.02)    0.027( 0.02)
   2+( 6)  9.564    1+( 2)  9.048  0.516    0.019( 0.01)    0.031( 0.02)
   2+( 6)  9.564    3+( 4)  9.519  0.044    0.000( 0.00)    0.000( 0.00)
   0+( 4)  9.649    1+( 1)  8.430  1.219    0.000( 0.00)    0.000( 0.00)
   0+( 4)  9.649    1+( 2)  9.048  0.601    0.001( 0.00)    0.000( 0.00)
   2+( 7)  9.786    2+( 1)  1.940  7.846    0.000( 0.00)    0.000( 0.00)
   2+( 7)  9.786    3+( 1)  6.459  3.327    0.000( 0.00)    0.000( 0.00)
   2+( 7)  9.786    2+( 2)  7.524  2.262    0.000( 0.00)    0.000( 0.00)
   2+( 7)  9.786    3+( 2)  8.039  1.747    0.000( 0.00)    0.000( 0.00)
   2+( 7)  9.786    2+( 3)  8.072  1.714    0.000( 0.00)    0.000( 0.00)
   2+( 7)  9.786    1+( 1)  8.430  1.356    0.000( 0.00)    0.000( 0.00)
   2+( 7)  9.786    2+( 4)  8.490  1.296    0.000( 0.00)    0.000( 0.00)
   2+( 7)  9.786    3+( 3)  8.690  1.096    0.000( 0.00)    0.000( 0.00)
   2+( 7)  9.786    2+( 5)  8.859  0.926    0.000( 0.00)    0.000( 0.00)
   2+( 7)  9.786    1+( 2)  9.048  0.738    0.000( 0.00)    0.000( 0.00)
   2+( 7)  9.786    3+( 4)  9.519  0.267    0.022( 0.01)    0.016( 0.01)
   2+( 7)  9.786    2+( 6)  9.564  0.222    0.031( 0.02)    0.031( 0.02)
   4+( 4) 10.064    4+( 1)  4.548  5.515    0.000( 0.00)    0.000( 0.00)
   4+( 4) 10.064    3+( 1)  6.459  3.605    0.000( 0.00)    0.000( 0.00)
   4+( 4) 10.064    4+( 2)  7.068  2.996    0.000( 0.00)    0.000( 0.00)
   4+( 4) 10.064    3+( 2)  8.039  2.025    0.000( 0.00)    0.000( 0.00)
   4+( 4) 10.064    3+( 3)  8.690  1.374    0.000( 0.00)    0.000( 0.00)
   4+( 4) 10.064    5+( 1)  9.301  0.762    0.000( 0.00)    0.000( 0.00)
   4+( 4) 10.064    4+( 3)  9.368  0.696    0.000( 0.00)    0.000( 0.00)
   4+( 4) 10.064    3+( 4)  9.519  0.544    0.001( 0.00)    0.001( 0.00)
   5+( 2) 10.424    4+( 1)  4.548  5.876    0.000( 0.00)    0.000( 0.00)
   5+( 2) 10.424    4+( 2)  7.068  3.356    0.000( 0.00)    0.000( 0.00)
   5+( 2) 10.424    6+( 1)  8.395  2.029    0.000( 0.00)    0.000( 0.00)
   5+( 2) 10.424    5+( 1)  9.301  1.123    0.000( 0.00)    0.000( 0.00)
   5+( 2) 10.424    4+( 3)  9.368  1.056    0.000( 0.00)    0.000( 0.00)
   5+( 2) 10.424    4+( 4) 10.064  0.360    0.000( 0.00)    0.000( 0.00)
   3+( 5) 10.520    2+( 1)  1.940  8.580    0.010( 0.01)    0.015( 0.01)
   3+( 5) 10.520    4+( 1)  4.548  5.972    0.038( 0.02)    0.030( 0.02)
   3+( 5) 10.520    3+( 1)  6.459  4.061    0.084( 0.05)    0.084( 0.05)
   3+( 5) 10.520    4+( 2)  7.068  3.452    0.011( 0.01)    0.008( 0.00)
   3+( 5) 10.520    2+( 2)  7.524  2.997    0.006( 0.00)    0.009( 0.00)
   3+( 5) 10.520    3+( 2)  8.039  2.481    0.039( 0.02)    0.039( 0.02)
   3+( 5) 10.520    2+( 3)  8.072  2.448    0.031( 0.02)    0.044( 0.02)
   3+( 5) 10.520    2+( 4)  8.490  2.030    0.102( 0.06)    0.144( 0.08)
   3+( 5) 10.520    3+( 3)  8.690  1.830    0.961( 0.54)    0.961( 0.54)
   3+( 5) 10.520    2+( 5)  8.859  1.661    0.091( 0.05)    0.128( 0.07)
   3+( 5) 10.520    4+( 3)  9.368  1.152    0.039( 0.02)    0.031( 0.02)
   3+( 5) 10.520    3+( 4)  9.519  1.001    0.000( 0.00)    0.000( 0.00)
   3+( 5) 10.520    2+( 6)  9.564  0.957    0.000( 0.00)    0.000( 0.00)
   3+( 5) 10.520    2+( 7)  9.786  0.734    0.029( 0.02)    0.041( 0.02)
   3+( 5) 10.520    4+( 4) 10.064  0.456    0.002( 0.00)    0.002( 0.00)
   0+( 5) 10.535    1+( 1)  8.430  2.105    0.059( 0.03)    0.020( 0.01)
   0+( 5) 10.535    1+( 2)  9.048  1.487    0.240( 0.13)    0.080( 0.04)
   3+( 6) 10.642    2+( 1)  1.940  8.702    0.000( 0.00)    0.000( 0.00)
   3+( 6) 10.642    4+( 1)  4.548  6.093    0.000( 0.00)    0.000( 0.00)
   3+( 6) 10.642    3+( 1)  6.459  4.182    0.000( 0.00)    0.000( 0.00)
   3+( 6) 10.642    4+( 2)  7.068  3.573    0.000( 0.00)    0.000( 0.00)
   3+( 6) 10.642    2+( 2)  7.524  3.118    0.000( 0.00)    0.000( 0.00)
   3+( 6) 10.642    3+( 2)  8.039  2.603    0.000( 0.00)    0.000( 0.00)
   3+( 6) 10.642    2+( 3)  8.072  2.570    0.000( 0.00)    0.000( 0.00)
   3+( 6) 10.642    2+( 4)  8.490  2.151    0.000( 0.00)    0.000( 0.00)
   3+( 6) 10.642    3+( 3)  8.690  1.952    0.000( 0.00)    0.000( 0.00)
   3+( 6) 10.642    2+( 5)  8.859  1.782    0.000( 0.00)    0.000( 0.00)
   3+( 6) 10.642    4+( 3)  9.368  1.273    0.000( 0.00)    0.000( 0.00)
   3+( 6) 10.642    3+( 4)  9.519  1.122    0.001( 0.00)    0.001( 0.00)
   3+( 6) 10.642    2+( 6)  9.564  1.078    0.018( 0.01)    0.026( 0.01)
   3+( 6) 10.642    2+( 7)  9.786  0.856    0.000( 0.00)    0.000( 0.00)
   3+( 6) 10.642    4+( 4) 10.064  0.578    0.000( 0.00)    0.000( 0.00)
   3+( 6) 10.642    3+( 5) 10.520  0.121    0.090( 0.05)    0.090( 0.05)
   2+( 8) 10.693    2+( 1)  1.940  8.753    0.000( 0.00)    0.000( 0.00)
   2+( 8) 10.693    3+( 1)  6.459  4.233    0.000( 0.00)    0.000( 0.00)
   2+( 8) 10.693    2+( 2)  7.524  3.169    0.000( 0.00)    0.000( 0.00)
   2+( 8) 10.693    3+( 2)  8.039  2.653    0.000( 0.00)    0.000( 0.00)
   2+( 8) 10.693    2+( 3)  8.072  2.621    0.000( 0.00)    0.000( 0.00)
   2+( 8) 10.693    1+( 1)  8.430  2.262    0.000( 0.00)    0.000( 0.00)
   2+( 8) 10.693    2+( 4)  8.490  2.202    0.000( 0.00)    0.000( 0.00)
   2+( 8) 10.693    3+( 3)  8.690  2.003    0.000( 0.00)    0.000( 0.00)
   2+( 8) 10.693    2+( 5)  8.859  1.833    0.000( 0.00)    0.000( 0.00)
   2+( 8) 10.693    1+( 2)  9.048  1.645    0.000( 0.00)    0.000( 0.00)
   2+( 8) 10.693    3+( 4)  9.519  1.173    0.007( 0.00)    0.005( 0.00)
   2+( 8) 10.693    2+( 6)  9.564  1.129    0.013( 0.01)    0.013( 0.01)
   2+( 8) 10.693    2+( 7)  9.786  0.907    0.000( 0.00)    0.000( 0.00)
   2+( 8) 10.693    3+( 5) 10.520  0.172    0.002( 0.00)    0.001( 0.00)
   2+( 8) 10.693    3+( 6) 10.642  0.051    0.000( 0.00)    0.000( 0.00)
   4+( 5) 10.727    4+( 1)  4.548  6.179    0.000( 0.00)    0.000( 0.00)
   4+( 5) 10.727    3+( 1)  6.459  4.268    0.000( 0.00)    0.000( 0.00)
   4+( 5) 10.727    4+( 2)  7.068  3.659    0.000( 0.00)    0.000( 0.00)
   4+( 5) 10.727    3+( 2)  8.039  2.688    0.000( 0.00)    0.000( 0.00)
   4+( 5) 10.727    3+( 3)  8.690  2.037    0.000( 0.00)    0.000( 0.00)
   4+( 5) 10.727    5+( 1)  9.301  1.426    0.000( 0.00)    0.000( 0.00)
   4+( 5) 10.727    4+( 3)  9.368  1.359    0.000( 0.00)    0.000( 0.00)
   4+( 5) 10.727    3+( 4)  9.519  1.208    0.016( 0.01)    0.020( 0.01)
   4+( 5) 10.727    4+( 4) 10.064  0.663    0.000( 0.00)    0.000( 0.00)
   4+( 5) 10.727    5+( 2) 10.424  0.303    0.000( 0.00)    0.000( 0.00)
   4+( 5) 10.727    3+( 5) 10.520  0.207    0.094( 0.05)    0.121( 0.07)
   4+( 5) 10.727    3+( 6) 10.642  0.085    0.000( 0.00)    0.000( 0.00)
   1+( 3) 10.787    0+( 1)  0.000 10.788    0.070( 0.04)    0.209( 0.12)
   1+( 3) 10.787    2+( 1)  1.940  8.847    0.006( 0.00)    0.004( 0.00)
   1+( 3) 10.787    0+( 2)  4.821  5.966    0.080( 0.04)    0.239( 0.13)
   1+( 3) 10.787    0+( 3)  7.477  3.310    0.000( 0.00)    0.000( 0.00)
   1+( 3) 10.787    2+( 2)  7.524  3.264    0.036( 0.02)    0.021( 0.01)
   1+( 3) 10.787    2+( 3)  8.072  2.715    0.017( 0.01)    0.010( 0.01)
   1+( 3) 10.787    1+( 1)  8.430  2.357    0.325( 0.18)    0.325( 0.18)
   1+( 3) 10.787    2+( 4)  8.490  2.297    0.100( 0.06)    0.060( 0.03)
   1+( 3) 10.787    2+( 5)  8.859  1.928    0.010( 0.01)    0.006( 0.00)
   1+( 3) 10.787    1+( 2)  9.048  1.739    0.429( 0.24)    0.429( 0.24)
   1+( 3) 10.787    2+( 6)  9.564  1.224    0.000( 0.00)    0.000( 0.00)
   1+( 3) 10.787    0+( 4)  9.649  1.138    0.026( 0.01)    0.078( 0.04)
   1+( 3) 10.787    2+( 7)  9.786  1.001    0.053( 0.03)    0.032( 0.02)
   1+( 3) 10.787    0+( 5) 10.535  0.252    0.000( 0.00)    0.001( 0.00)
   1+( 3) 10.787    2+( 8) 10.693  0.095    0.365( 0.20)    0.219( 0.12)
   0+( 6) 10.857    1+( 1)  8.430  2.427    0.000( 0.00)    0.000( 0.00)
   0+( 6) 10.857    1+( 2)  9.048  1.809    0.000( 0.00)    0.000( 0.00)
   0+( 6) 10.857    1+( 3) 10.787  0.070    0.016( 0.01)    0.005( 0.00)
   1+( 4) 10.924    0+( 1)  0.000 10.924    0.000( 0.00)    0.000( 0.00)
   1+( 4) 10.924    2+( 1)  1.940  8.984    0.000( 0.00)    0.000( 0.00)
   1+( 4) 10.924    0+( 2)  4.821  6.103    0.000( 0.00)    0.000( 0.00)
   1+( 4) 10.924    0+( 3)  7.477  3.447    0.000( 0.00)    0.000( 0.00)
   1+( 4) 10.924    2+( 2)  7.524  3.400    0.000( 0.00)    0.000( 0.00)
   1+( 4) 10.924    2+( 3)  8.072  2.852    0.000( 0.00)    0.000( 0.00)
   1+( 4) 10.924    1+( 1)  8.430  2.494    0.000( 0.00)    0.000( 0.00)
   1+( 4) 10.924    2+( 4)  8.490  2.434    0.001( 0.00)    0.001( 0.00)
   1+( 4) 10.924    2+( 5)  8.859  2.065    0.000( 0.00)    0.000( 0.00)
   1+( 4) 10.924    1+( 2)  9.048  1.876    0.000( 0.00)    0.000( 0.00)
   1+( 4) 10.924    2+( 6)  9.564  1.360    0.242( 0.14)    0.145( 0.08)
   1+( 4) 10.924    0+( 4)  9.649  1.275    0.000( 0.00)    0.000( 0.00)
   1+( 4) 10.924    2+( 7)  9.786  1.138    0.000( 0.00)    0.000( 0.00)
   1+( 4) 10.924    0+( 5) 10.535  0.389    0.166( 0.09)    0.497( 0.28)
   1+( 4) 10.924    2+( 8) 10.693  0.231    0.000( 0.00)    0.000( 0.00)
   1+( 4) 10.924    1+( 3) 10.787  0.137    0.331( 0.18)    0.331( 0.18)
   1+( 4) 10.924    0+( 6) 10.857  0.067    0.000( 0.00)    0.000( 0.00)
   3+( 7) 10.941    2+( 1)  1.940  9.001    0.001( 0.00)    0.001( 0.00)
   3+( 7) 10.941    4+( 1)  4.548  6.393    0.000( 0.00)    0.000( 0.00)
   3+( 7) 10.941    3+( 1)  6.459  4.482    0.000( 0.00)    0.000( 0.00)
   3+( 7) 10.941    4+( 2)  7.068  3.873    0.000( 0.00)    0.000( 0.00)
   3+( 7) 10.941    2+( 2)  7.524  3.418    0.000( 0.00)    0.000( 0.00)
   3+( 7) 10.941    3+( 2)  8.039  2.902    0.000( 0.00)    0.000( 0.00)
   3+( 7) 10.941    2+( 3)  8.072  2.869    0.000( 0.00)    0.000( 0.00)
   3+( 7) 10.941    2+( 4)  8.490  2.451    0.000( 0.00)    0.000( 0.00)
   3+( 7) 10.941    3+( 3)  8.690  2.251    0.000( 0.00)    0.000( 0.00)
   3+( 7) 10.941    2+( 5)  8.859  2.082    0.000( 0.00)    0.000( 0.00)
   3+( 7) 10.941    4+( 3)  9.368  1.573    0.000( 0.00)    0.000( 0.00)
   3+( 7) 10.941    3+( 4)  9.519  1.422    0.383( 0.21)    0.383( 0.21)
   3+( 7) 10.941    2+( 6)  9.564  1.377    0.015( 0.01)    0.020( 0.01)
   3+( 7) 10.941    2+( 7)  9.786  1.155    0.000( 0.00)    0.000( 0.00)
   3+( 7) 10.941    4+( 4) 10.064  0.877    0.000( 0.00)    0.000( 0.00)
   3+( 7) 10.941    3+( 5) 10.520  0.421    0.010( 0.01)    0.010( 0.01)
   3+( 7) 10.941    3+( 6) 10.642  0.299    0.000( 0.00)    0.000( 0.00)
   3+( 7) 10.941    2+( 8) 10.693  0.248    0.000( 0.00)    0.000( 0.00)
   3+( 7) 10.941    4+( 5) 10.727  0.214    0.000( 0.00)    0.000( 0.00)
   6+( 2) 11.029    6+( 1)  8.395  2.634    0.000( 0.00)    0.000( 0.00)
   6+( 2) 11.029    5+( 1)  9.301  1.728    0.000( 0.00)    0.000( 0.00)
   6+( 2) 11.029    5+( 2) 10.424  0.605    0.000( 0.00)    0.000( 0.00)
   4+( 6) 11.070    4+( 1)  4.548  6.522    0.000( 0.00)    0.000( 0.00)
   4+( 6) 11.070    3+( 1)  6.459  4.611    0.000( 0.00)    0.000( 0.00)
   4+( 6) 11.070    4+( 2)  7.068  4.002    0.000( 0.00)    0.000( 0.00)
   4+( 6) 11.070    3+( 2)  8.039  3.031    0.000( 0.00)    0.000( 0.00)
   4+( 6) 11.070    3+( 3)  8.690  2.380    0.000( 0.00)    0.000( 0.00)
   4+( 6) 11.070    5+( 1)  9.301  1.769    0.000( 0.00)    0.000( 0.00)
   4+( 6) 11.070    4+( 3)  9.368  1.702    0.000( 0.00)    0.000( 0.00)
   4+( 6) 11.070    3+( 4)  9.519  1.551    0.059( 0.03)    0.076( 0.04)
   4+( 6) 11.070    4+( 4) 10.064  1.007    0.000( 0.00)    0.000( 0.00)
   4+( 6) 11.070    5+( 2) 10.424  0.646    0.000( 0.00)    0.000( 0.00)
   4+( 6) 11.070    3+( 5) 10.520  0.550    0.009( 0.00)    0.011( 0.01)
   4+( 6) 11.070    3+( 6) 10.642  0.429    0.000( 0.00)    0.000( 0.00)
   4+( 6) 11.070    4+( 5) 10.727  0.343    0.000( 0.00)    0.000( 0.00)
   4+( 6) 11.070    3+( 7) 10.941  0.129    0.000( 0.00)    0.000( 0.00)
   2+( 9) 11.086    2+( 1)  1.940  9.146    0.249( 0.14)    0.249( 0.14)
   2+( 9) 11.086    3+( 1)  6.459  4.627    0.004( 0.00)    0.003( 0.00)
   2+( 9) 11.086    2+( 2)  7.524  3.562    0.006( 0.00)    0.006( 0.00)
   2+( 9) 11.086    3+( 2)  8.039  3.047    0.005( 0.00)    0.004( 0.00)
   2+( 9) 11.086    2+( 3)  8.072  3.014    0.070( 0.04)    0.070( 0.04)
   2+( 9) 11.086    1+( 1)  8.430  2.656    0.038( 0.02)    0.063( 0.04)
   2+( 9) 11.086    2+( 4)  8.490  2.596    0.002( 0.00)    0.002( 0.00)
   2+( 9) 11.086    3+( 3)  8.690  2.396    0.074( 0.04)    0.053( 0.03)
   2+( 9) 11.086    2+( 5)  8.859  2.227    0.006( 0.00)    0.006( 0.00)
   2+( 9) 11.086    1+( 2)  9.048  2.038    0.073( 0.04)    0.121( 0.07)
   2+( 9) 11.086    3+( 4)  9.519  1.567    0.000( 0.00)    0.000( 0.00)
   2+( 9) 11.086    2+( 6)  9.564  1.522    0.000( 0.00)    0.000( 0.00)
   2+( 9) 11.086    2+( 7)  9.786  1.300    0.004( 0.00)    0.004( 0.00)
   2+( 9) 11.086    3+( 5) 10.520  0.566    0.000( 0.00)    0.000( 0.00)
   2+( 9) 11.086    3+( 6) 10.642  0.444    0.002( 0.00)    0.001( 0.00)
   2+( 9) 11.086    2+( 8) 10.693  0.393    0.057( 0.03)    0.057( 0.03)
   2+( 9) 11.086    1+( 3) 10.787  0.299    0.000( 0.00)    0.000( 0.00)
   2+( 9) 11.086    1+( 4) 10.924  0.162    0.008( 0.00)    0.013( 0.01)
   2+( 9) 11.086    3+( 7) 10.941  0.145    0.288( 0.16)    0.206( 0.12)
   1+( 5) 11.161    0+( 1)  0.000 11.161    0.293( 0.16)    0.880( 0.49)
   1+( 5) 11.161    2+( 1)  1.940  9.221    0.106( 0.06)    0.064( 0.04)
   1+( 5) 11.161    0+( 2)  4.821  6.340    0.014( 0.01)    0.042( 0.02)
   1+( 5) 11.161    0+( 3)  7.477  3.684    0.001( 0.00)    0.004( 0.00)
   1+( 5) 11.161    2+( 2)  7.524  3.637    0.005( 0.00)    0.003( 0.00)
   1+( 5) 11.161    2+( 3)  8.072  3.089    0.063( 0.04)    0.038( 0.02)
   1+( 5) 11.161    1+( 1)  8.430  2.731    0.016( 0.01)    0.016( 0.01)
   1+( 5) 11.161    2+( 4)  8.490  2.671    0.011( 0.01)    0.007( 0.00)
   1+( 5) 11.161    2+( 5)  8.859  2.302    0.284( 0.16)    0.170( 0.10)
   1+( 5) 11.161    1+( 2)  9.048  2.113    0.112( 0.06)    0.112( 0.06)
   1+( 5) 11.161    2+( 6)  9.564  1.597    0.000( 0.00)    0.000( 0.00)
   1+( 5) 11.161    0+( 4)  9.649  1.512    0.147( 0.08)    0.442( 0.25)
   1+( 5) 11.161    2+( 7)  9.786  1.375    0.037( 0.02)    0.022( 0.01)
   1+( 5) 11.161    0+( 5) 10.535  0.626    0.000( 0.00)    0.000( 0.00)
   1+( 5) 11.161    2+( 8) 10.693  0.468    0.038( 0.02)    0.023( 0.01)
   1+( 5) 11.161    1+( 3) 10.787  0.374    0.000( 0.00)    0.000( 0.00)
   1+( 5) 11.161    0+( 6) 10.857  0.304    0.001( 0.00)    0.003( 0.00)
   1+( 5) 11.161    1+( 4) 10.924  0.237    0.003( 0.00)    0.003( 0.00)
   1+( 5) 11.161    2+( 9) 11.086  0.075    0.000( 0.00)    0.000( 0.00)
   3+( 8) 11.391    2+( 1)  1.940  9.451    0.000( 0.00)    0.001( 0.00)
   3+( 8) 11.391    4+( 1)  4.548  6.842    0.000( 0.00)    0.000( 0.00)
   3+( 8) 11.391    3+( 1)  6.459  4.932    0.000( 0.00)    0.000( 0.00)
   3+( 8) 11.391    4+( 2)  7.068  4.323    0.000( 0.00)    0.000( 0.00)
   3+( 8) 11.391    2+( 2)  7.524  3.867    0.000( 0.00)    0.000( 0.00)
   3+( 8) 11.391    3+( 2)  8.039  3.352    0.000( 0.00)    0.000( 0.00)
   3+( 8) 11.391    2+( 3)  8.072  3.319    0.000( 0.00)    0.000( 0.00)
   3+( 8) 11.391    2+( 4)  8.490  2.901    0.000( 0.00)    0.000( 0.00)
   3+( 8) 11.391    3+( 3)  8.690  2.701    0.000( 0.00)    0.000( 0.00)
   3+( 8) 11.391    2+( 5)  8.859  2.531    0.000( 0.00)    0.000( 0.00)
   3+( 8) 11.391    4+( 3)  9.368  2.023    0.000( 0.00)    0.000( 0.00)
   3+( 8) 11.391    3+( 4)  9.519  1.871    0.051( 0.03)    0.051( 0.03)
   3+( 8) 11.391    2+( 6)  9.564  1.827    0.031( 0.02)    0.043( 0.02)
   3+( 8) 11.391    2+( 7)  9.786  1.605    0.000( 0.00)    0.000( 0.00)
   3+( 8) 11.391    4+( 4) 10.064  1.327    0.000( 0.00)    0.000( 0.00)
   3+( 8) 11.391    3+( 5) 10.520  0.870    0.073( 0.04)    0.073( 0.04)
   3+( 8) 11.391    3+( 6) 10.642  0.749    0.000( 0.00)    0.000( 0.00)
   3+( 8) 11.391    2+( 8) 10.693  0.698    0.000( 0.00)    0.000( 0.00)
   3+( 8) 11.391    4+( 5) 10.727  0.664    0.000( 0.00)    0.000( 0.00)
   3+( 8) 11.391    3+( 7) 10.941  0.450    0.000( 0.00)    0.000( 0.00)
   3+( 8) 11.391    4+( 6) 11.070  0.320    0.000( 0.00)    0.000( 0.00)
   3+( 8) 11.391    2+( 9) 11.086  0.305    0.017( 0.01)    0.024( 0.01)
   4+( 7) 11.480    4+( 1)  4.548  6.932    0.000( 0.00)    0.000( 0.00)
   4+( 7) 11.480    3+( 1)  6.459  5.021    0.000( 0.00)    0.000( 0.00)
   4+( 7) 11.480    4+( 2)  7.068  4.412    0.000( 0.00)    0.000( 0.00)
   4+( 7) 11.480    3+( 2)  8.039  3.441    0.000( 0.00)    0.000( 0.00)
   4+( 7) 11.480    3+( 3)  8.690  2.790    0.000( 0.00)    0.000( 0.00)
   4+( 7) 11.480    5+( 1)  9.301  2.179    0.000( 0.00)    0.000( 0.00)
   4+( 7) 11.480    4+( 3)  9.368  2.112    0.000( 0.00)    0.000( 0.00)
   4+( 7) 11.480    3+( 4)  9.519  1.961    0.000( 0.00)    0.000( 0.00)
   4+( 7) 11.480    4+( 4) 10.064  1.417    0.000( 0.00)    0.000( 0.00)
   4+( 7) 11.480    5+( 2) 10.424  1.056    0.000( 0.00)    0.000( 0.00)
   4+( 7) 11.480    3+( 5) 10.520  0.960    0.097( 0.05)    0.125( 0.07)
   4+( 7) 11.480    3+( 6) 10.642  0.839    0.000( 0.00)    0.000( 0.00)
   4+( 7) 11.480    4+( 5) 10.727  0.753    0.000( 0.00)    0.000( 0.00)
   4+( 7) 11.480    3+( 7) 10.941  0.539    0.000( 0.00)    0.000( 0.00)
   4+( 7) 11.480    4+( 6) 11.070  0.410    0.000( 0.00)    0.000( 0.00)
   4+( 7) 11.480    3+( 8) 11.391  0.090    0.000( 0.00)    0.000( 0.00)
   2+(10) 11.511    2+( 1)  1.940  9.571    0.000( 0.00)    0.000( 0.00)
   2+(10) 11.511    3+( 1)  6.459  5.052    0.000( 0.00)    0.000( 0.00)
   2+(10) 11.511    2+( 2)  7.524  3.987    0.000( 0.00)    0.000( 0.00)
   2+(10) 11.511    3+( 2)  8.039  3.472    0.000( 0.00)    0.000( 0.00)
   2+(10) 11.511    2+( 3)  8.072  3.439    0.000( 0.00)    0.000( 0.00)
   2+(10) 11.511    1+( 1)  8.430  3.081    0.000( 0.00)    0.000( 0.00)
   2+(10) 11.511    2+( 4)  8.490  3.021    0.000( 0.00)    0.000( 0.00)
   2+(10) 11.511    3+( 3)  8.690  2.821    0.000( 0.00)    0.000( 0.00)
   2+(10) 11.511    2+( 5)  8.859  2.652    0.000( 0.00)    0.000( 0.00)
   2+(10) 11.511    1+( 2)  9.048  2.463    0.000( 0.00)    0.000( 0.00)
   2+(10) 11.511    3+( 4)  9.519  1.992    0.000( 0.00)    0.000( 0.00)
   2+(10) 11.511    2+( 6)  9.564  1.947    0.189( 0.11)    0.189( 0.11)
   2+(10) 11.511    2+( 7)  9.786  1.725    0.000( 0.00)    0.000( 0.00)
   2+(10) 11.511    3+( 5) 10.520  0.991    0.145( 0.08)    0.103( 0.06)
   2+(10) 11.511    3+( 6) 10.642  0.869    0.000( 0.00)    0.000( 0.00)
   2+(10) 11.511    2+( 8) 10.693  0.818    0.001( 0.00)    0.001( 0.00)
   2+(10) 11.511    1+( 3) 10.787  0.724    0.178( 0.10)    0.297( 0.17)
   2+(10) 11.511    1+( 4) 10.924  0.587    0.000( 0.00)    0.000( 0.00)
   2+(10) 11.511    3+( 7) 10.941  0.570    0.000( 0.00)    0.000( 0.00)
   2+(10) 11.511    2+( 9) 11.086  0.425    0.077( 0.04)    0.077( 0.04)
   2+(10) 11.511    1+( 5) 11.161  0.350    0.061( 0.03)    0.101( 0.06)
   2+(10) 11.511    3+( 8) 11.391  0.120    0.000( 0.00)    0.000( 0.00)

